000000000000000000000000000000000000000000000000000
0   0       0   11111       0         0           0
0 0 000 000 00000000000 000 0 0 00000 000 00000 000
0 0   0 0 0           0 0 0   0  1  0     0   0   0
0 000 0 0 00010100000 0 0 00000 0000000000000 000 0
0 0 0   0     0     0 0 0 11  0       0       0 000
0 0 00000 000 0000000 0 0 0 000 000 000 000 0 0   0
0 0         0 0       1 0 0     0   0   0 0 0 1 0 0
0 0 000 000 000 0000000 00000 000 000 000 0 000 0 0
0 0 0     0   1   0     0   0   0    1    0 0 0 0 0
0 000 000 000 000 000 000 0 000 00000000000 0 0 0 0
0 0   0       0 0   0  2  0 0   0     1   0 0   0 0
0 0 000000100 0 000 000 000 000 0 0 00000 0 0 000 0
0 0   0     0 0   0   0   0   0   0 0     0 0 0   0
0 0 0 110 000 000 000 0000000 000 0 000 000 0 0 000
0 0 000 0    1  0   0 0  111  0   0   0     0 0 0 0
0 0   0 0000000 0 0 0 0 0010000 00000 0000000 0 0 0
0 0 01      0   0 0 0   0     0   0 0     0 110   0
0 000000000 0 000 0000000 0000000 0 00000 0 00000 0
0 01      0 0     0     0       0   0   0    1  0 0
0 0 00000 0 0000000 0 000 00000 000 0 0 000100000 0
01110     0         0  111011 0     0 0   0  1011 0
0 000 00000000100000000000010 0000000 000 010 0 0 0
0   0                 11  11011         0   011   0
000000000000000000000000000000000000000000000000000